mag,effectif
0.9,3479
1.2,3464
1.1,3459
1.0,3341
1.4,3088
1.3,3087
1.5,2828
0.8,2717
0.6,2621
1.6,2574
1.7,2418
0.7,2408
1.8,2251
0.5,2182
0.4,1960
1.9,1942
4.4,1898
4.3,1872
4.5,1757
4.2,1750
2.0,1717
4.6,1521
4.1,1480
0.3,1465
2.1,1430
2.2,1345
0.2,1199
2.3,1173
2.5,1061
2.4,1054
4.0,1040
4.7,1036
2.6,982
2.7,934
2.8,875
2.9,824
4.8,668
0.1,663
3.0,636
3.1,499
4.9,432
3.2,377
5.0,320
0.0,305
0.56,298
0.43,294
0.55,292
3.3,283
0.88,274
3.4,258
5.1,257
1.03,240
0.87,236
0.86,232
0.81,231
0.85,228
0.69,226
0.84,224
0.83,224
0.89,218
0.79,218
0.82,217
0.76,217
0.78,215
0.53,214
1.14,214
0.74,214
0.61,211
1.06,210
1.02,209
3.9,209
1.12,208
0.58,208
1.13,207
0.57,206
1.17,206
0.93,205
0.72,205
0.46,203
0.68,203
0.91,199
0.77,198
1.01,197
0.96,197
0.33,196
0.67,196
0.71,196
0.95,195
1.08,195
0.38,195
0.73,195
0.97,192
5.2,192
1.04,192
0.75,192
0.65,191
0.35,187
1.24,186
0.45,186
0.99,186
0.62,184
0.66,183
0.94,183
1.18,183
1.15,182
1.07,182
1.16,182
1.05,182
0.36,181
1.11,181
0.63,180
0.98,179
0.92,178
0.52,178
0.47,176
1.19,175
1.23,174
1.22,174
0.48,173
0.49,173
1.09,171
0.64,170
0.28,169
0.37,168
0.59,168
0.34,166
1.25,166
0.54,166
0.51,165
0.32,165
0.41,165
1.35,160
0.39,159
0.31,159
1.27,155
0.44,154
5.3,153
1.38,152
1.36,151
3.8,149
0.26,147
1.33,146
1.42,145
1.21,143
1.26,142
0.25,141
0.24,140
1.31,138
1.47,138
0.21,138
0.27,138
1.32,136
0.19,136
1.29,135
1.34,135
1.41,134
0.18,134
0.29,133
0.23,133
0.42,133
1.49,133
1.45,131
1.44,129
1.37,129
1.58,127
3.7,126
1.28,125
1.56,123
1.46,121
1.65,121
1.39,121
0.22,121
1.52,119
1.43,117
3.5,114
1.57,114
3.6,114
1.53,113
1.55,112
1.48,110
1.59,110
1.63,109
1.54,108
1.64,105
1.61,101
1.66,101
1.62,99
1.51,97
1.67,97
5.4,96
1.73,94
1.77,93
1.69,92
1.75,92
1.88,91
1.74,90
1.71,90
1.68,89
0.17,88
1.78,86
0.15,85
0.14,82
0.13,81
0.12,80
1.94,80
0.16,80
1.82,79
1.85,77
1.81,77
1.87,77
1.72,76
1.79,76
1.89,75
1.86,72
5.6,72
1.92,72
0.11,71
1.83,69
1.95,68
1.91,67
1.76,67
1.98,64
5.5,64
2.04,64
1.96,63
2.01,63
2.02,62
1.97,61
1.93,61
1.84,58
2.14,50
2.03,49
2.07,47
2.08,45
2.09,45
5.7,45
5.8,45
2.05,44
2.13,44
2.28,43
1.99,42
2.19,41
2.17,41
2.06,40
2.11,39
2.25,39
2.15,39
2.27,38
2.26,36
2.12,35
2.16,34
2.39,34
2.22,32
2.33,31
2.55,31
2.23,31
2.21,30
0.08,30
2.18,30
2.44,30
2.35,29
2.42,28
2.57,27
2.37,27
2.31,27
2.43,27
2.47,27
2.45,27
2.32,26
2.34,26
6.0,25
2.65,25
2.41,25
2.36,25
2.84,25
2.29,25
0.06,25
2.54,25
0.04,23
2.53,23
2.24,23
5.9,23
0.01,23
0.03,22
2.46,22
2.58,22
0.09,22
0.07,22
6.1,21
2.51,21
2.81,20
2.83,20
2.38,19
6.2,19
2.62,18
2.61,17
2.73,17
2.66,17
2.56,17
2.63,17
2.74,17
2.59,17
2.52,16
0.05,16
2.68,16
2.93,16
2.49,15
2.71,15
2.94,14
6.3,14
2.67,14
2.79,13
2.85,13
2.92,12
2.82,12
2.72,12
2.64,12
3.03,12
6.5,12
0.02,12
2.87,11
2.96,11
2.86,11
2.88,11
2.69,11
2.77,11
2.48,11
2.91,11
3.19,10
2.76,10
2.98,10
3.01,10
2.75,9
6.6,9
3.13,9
2.97,9
2.78,9
3.12,9
3.09,8
3.04,8
2.89,7
6.4,7
3.11,7
3.17,7
6.9,7
3.25,7
3.18,6
3.02,6
2.99,6
3.24,6
3.05,6
3.06,5
6.7,5
3.16,5
3.14,5
2.95,5
3.47,5
3.29,5
3.07,5
3.08,5
3.64,5
3.35,5
3.41,4
3.27,4
3.52,4
3.22,4
3.59,4
3.45,4
3.63,4
3.21,4
3.54,4
3.39,4
3.43,4
3.23,4
3.58,3
3.28,3
6.8,3
3.55,3
3.15,3
3.65,3
7.1,3
3.42,3
3.32,3
3.51,3
3.88,2
3.33,2
3.81,2
3.46,2
4.16,2
3.48,2
3.36,2
4.11,2
3.31,2
4.59,2
3.53,2
3.85,2
4.43,2
3.78,2
4.24,2
3.68,2
3.92,2
4.39,2
3.82,2
3.56,2
4.04,2
3.84,2
3.61,2
3.44,2
3.74,2
3.57,2
4.14,2
4.03,1
4.23,1
4.29,1
4.21,1
4.08,1
4.68,1
4.02,1
4.19,1
3.91,1
4.22,1
3.71,1
4.72,1
4.05,1
3.93,1
7.3,1
3.69,1
7.5,1
7.2,1
3.66,1
7.4,1
7.6,1
7.7,1
8.2,1
4.01,1
7.9,1
3.99,1
3.37,1
3.26,1
4.58,1
3.75,1
3.73,1
4.38,1
3.67,1
3.34,1
